5
8
15
11
4
11
7
15
6
4
2
3
3
1
2
3
3
2
1
1
2
1
7
2
1
1
4
9
3
12
6
1
15
2
2
3
3
5
5
4
10
6
6
4
1
1
16
3
4
14
3
3
1
2
2
15
12
7
2
5
2
4
3
6
2
12
8
3
1
10
2
9
5
8
9
9
2
1
5
2
15
1
9
1
1
6
1
4
1
9
3
2
12
4
7
1
2
3
4
3
4
2
8
4
15
4
9
1
3
1
4
6
4
3
3
1
5
4
3
1
3
1
3
1
7
4
2
4
1
15
3
3
3
7
11
9
8
2
3
3
4
2
6
8
2
9
12
1
3
1
1
4
9
2
5
1
1
1
1
9
4
11
16
2
2
17
2
3
2
1
7
11
2
3
2
1
3
1
1
1
12
3
2
3
8
2
3
6
2
8
1
7
2
12
6
5
2
6
6
4
7
2
1
3
12
2
7
2
1
4
12
11
2
13
3
2
1
2
3
2
7
2
8
1
7
4
5
2
7
2
2
8
6
7
1
11
5
6
2
2
3
11
5
2
3
2
5
16
7
1
6
2
1
1
1
6
8
3
1
9
17
2
1
3
5
2
5
14
1
6
8
1
4
2
1
3
3
2
2
6
7
1
1
7
13
2
2
4
2
2
4
3
7
2
3
14
8
8
3
22
1
4
10
2
9
4
8
2
3
2
7
2
5
1
2
5
14
13
12
1
9
3
3
4
7
10
1
4
2
1
11
4
1
1
7
7
3
10
4
3
2
2
3
6
8
2
1
5
1
3
3
5
4
10
1
22
1
1
5
15
4
4
2
1
2
11
10
8
2
7
5
5
3
3
3
20
11
4
3
2
5
1
6
20
3
4
2
8
3
1
1
1
2
24
2
1
5
1
2
2
3
5
1
4
2
2
6
1
1
1
5
4
10
1
3
7
12
2
6
9
6
2
7
3